latitude=21.77459767006574
longitude=87.74563958465576

